 0.01   0.02   0.03  0.04  0.05  0.56  0.34  0.53  
 0.06   0.07   0.08  0.09  0.010 0.45  0.876 0.432
 0.011  0.012  0.013 0.014 0.015 0.456 0.723 0.532
 0.019  0.020  0.036 0.044 0.056 0.656 0.23  0.677
 0.014  0.025  0.036 0.048 0.057 0.678 0.42  0.789
 0.01   0.02   0.03  0.04  0.05  0.56  0.123 0.804
 0.06   0.07   0.08  0.09  0.010 0.45  0.24  0.542
 0.011  0.012  0.013 0.014 0.015 0.456 0.422 0.422
 0.019  0.020  0.036 0.044 0.056 0.656 -0.20 -1.90
 0.014  0.025  0.036 0.048 0.057 0.678 0.65  0.87
 0.01   0.02   0.03  0.04  0.05  0.56  0.34  0.53  
 0.06   0.07   0.08  0.09  0.010 0.45  0.876 0.432
 0.011  0.012  0.013 0.014 0.015 0.456 0.723 0.532
 0.019  0.020  0.036 0.044 0.056 0.656 0.23  0.677
 0.014  0.025  0.036 0.048 0.057 0.678 0.42  0.789
 0.01   0.02   0.03  0.04  0.05  0.56  0.123 0.804
 0.06   0.07   0.08  0.09  0.010 0.45  0.24  0.542
 0.011  0.012  0.013 0.014 0.015 0.456 0.422 0.422
 0.019  0.020  0.036 0.044 0.056 0.656 -0.20 -1.90
 0.014  0.025  0.036 0.048 0.057 0.678 0.65  0.87
  0.01   0.02   0.03  0.04  0.05  0.56  0.34  0.53  
 0.06   0.07   0.08  0.09  0.010 0.45  0.876 0.432
 0.011  0.012  0.013 0.014 0.015 0.456 0.723 0.532
 0.019  0.020  0.036 0.044 0.056 0.656 0.23  0.677
 0.014  0.025  0.036 0.048 0.057 0.678 0.42  0.789
 0.01   0.02   0.03  0.04  0.05  0.56  0.123 0.804
 0.06   0.07   0.08  0.09  0.010 0.45  0.24  0.542
 0.011  0.012  0.013 0.014 0.015 0.456 0.422 0.422
 0.019  0.020  0.036 0.044 0.056 0.656 -0.20 -1.90
 0.014  0.025  0.036 0.048 0.057 0.678 0.65  0.87
  0.01   0.02   0.03  0.04  0.05  0.56  0.34  0.53  
 0.06   0.07   0.08  0.09  0.010 0.45  0.876 0.432
 0.011  0.012  0.013 0.014 0.015 0.456 0.723 0.532
 0.019  0.020  0.036 0.044 0.056 0.656 0.23  0.677
 0.014  0.025  0.036 0.048 0.057 0.678 0.42  0.789
 0.01   0.02   0.03  0.04  0.05  0.56  0.123 0.804
 0.06   0.07   0.08  0.09  0.010 0.45  0.24  0.542
 0.011  0.012  0.013 0.014 0.015 0.456 0.422 0.422
 0.019  0.020  0.036 0.044 0.056 0.656 -0.20 -1.90
 0.014  0.025  0.036 0.048 0.057 0.678 0.65  0.87
  0.01   0.02   0.03  0.04  0.05  0.56  0.34  0.53  
 0.06   0.07   0.08  0.09  0.010 0.45  0.876 0.432
 0.011  0.012  0.013 0.014 0.015 0.456 0.723 0.532
 0.019  0.020  0.036 0.044 0.056 0.656 0.23  0.677
 0.014  0.025  0.036 0.048 0.057 0.678 0.42  0.789
 0.01   0.02   0.03  0.04  0.05  0.56  0.123 0.804
 0.06   0.07   0.08  0.09  0.010 0.45  0.24  0.542
 0.011  0.012  0.013 0.014 0.015 0.456 0.422 0.422
 0.019  0.020  0.036 0.044 0.056 0.656 -0.20 -1.90
 0.014  0.025  0.036 0.048 0.057 0.678 0.65  0.87
  0.01   0.02   0.03  0.04  0.05  0.56  0.34  0.53  
 0.06   0.07   0.08  0.09  0.010 0.45  0.876 0.432
 0.011  0.012  0.013 0.014 0.015 0.456 0.723 0.532
 0.019  0.020  0.036 0.044 0.056 0.656 0.23  0.677
 0.014  0.025  0.036 0.048 0.057 0.678 0.42  0.789
 0.01   0.02   0.03  0.04  0.05  0.56  0.123 0.804
 0.06   0.07   0.08  0.09  0.010 0.45  0.24  0.542
 0.011  0.012  0.013 0.014 0.015 0.456 0.422 0.422
 0.019  0.020  0.036 0.044 0.056 0.656 -0.20 -1.90
 0.014  0.025  0.036 0.048 0.057 0.678 0.65  0.87
  0.01   0.02   0.03  0.04  0.05  0.56  0.34  0.53  
 0.06   0.07   0.08  0.09  0.010 0.45  0.876 0.432
 0.011  0.012  0.013 0.014 0.015 0.456 0.723 0.532
 0.019  0.020  0.036 0.044 0.056 0.656 0.23  0.677
 0.014  0.025  0.036 0.048 0.057 0.678 0.42  0.789
 0.01   0.02   0.03  0.04  0.05  0.56  0.123 0.804
 0.06   0.07   0.08  0.09  0.010 0.45  0.24  0.542
 0.011  0.012  0.013 0.014 0.015 0.456 0.422 0.422
 0.019  0.020  0.036 0.044 0.056 0.656 -0.20 -1.90
 0.014  0.025  0.036 0.048 0.057 0.678 0.65  0.87
  0.01   0.02   0.03  0.04  0.05  0.56  0.34  0.53  
 0.06   0.07   0.08  0.09  0.010 0.45  0.876 0.432
 0.011  0.012  0.013 0.014 0.015 0.456 0.723 0.532
 0.019  0.020  0.036 0.044 0.056 0.656 0.23  0.677
 0.014  0.025  0.036 0.048 0.057 0.678 0.42  0.789
 0.01   0.02   0.03  0.04  0.05  0.56  0.123 0.804
 0.06   0.07   0.08  0.09  0.010 0.45  0.24  0.542
 0.011  0.012  0.013 0.014 0.015 0.456 0.422 0.422
 0.019  0.020  0.036 0.044 0.056 0.656 -0.20 -1.90
 0.014  0.025  0.036 0.048 0.057 0.678 0.65  0.87
  0.01   0.02   0.03  0.04  0.05  0.56  0.34  0.53  
 0.06   0.07   0.08  0.09  0.010 0.45  0.876 0.432
 0.011  0.012  0.013 0.014 0.015 0.456 0.723 0.532
 0.019  0.020  0.036 0.044 0.056 0.656 0.23  0.677
 0.014  0.025  0.036 0.048 0.057 0.678 0.42  0.789
 0.01   0.02   0.03  0.04  0.05  0.56  0.123 0.804
 0.06   0.07   0.08  0.09  0.010 0.45  0.24  0.542
 0.011  0.012  0.013 0.014 0.015 0.456 0.422 0.422
 0.019  0.020  0.036 0.044 0.056 0.656 -0.20 -1.90
 0.014  0.025  0.036 0.048 0.057 0.678 0.65  0.87
  0.01   0.02   0.03  0.04  0.05  0.56  0.34  0.53  
 0.06   0.07   0.08  0.09  0.010 0.45  0.876 0.432
 0.011  0.012  0.013 0.014 0.015 0.456 0.723 0.532
 0.019  0.020  0.036 0.044 0.056 0.656 0.23  0.677
 0.014  0.025  0.036 0.048 0.057 0.678 0.42  0.789
 0.01   0.02   0.03  0.04  0.05  0.56  0.123 0.804
 0.06   0.07   0.08  0.09  0.010 0.45  0.24  0.542
 0.011  0.012  0.013 0.014 0.015 0.456 0.422 0.422
 0.019  0.020  0.036 0.044 0.056 0.656 -0.20 -1.90
 0.014  0.025  0.036 0.048 0.057 0.678 0.65  0.87